43.750	1.172	
50.000	2.734	0.020	
50.000	5.859	0.044	0.000	
50.000	6.250	0.093	0.000	0.000	
50.000	6.250	0.191	0.000	0.000	0.000	
50.000	6.250	0.195	0.001	0.000	0.000	0.000	
50.000	6.250	0.195	0.002	0.000	0.000	0.000	0.000	
50.000	6.250	0.195	0.002	0.000	0.000	0.000	0.000	0.000	
50.000	6.250	0.195	0.002	0.000	0.000	0.000	0.000	0.000	0.000	
50.000	6.250	0.195	0.002	0.000	0.000	0.000	0.000	0.000	0.000	0.000	
50.000	6.250	0.195	0.002	0.000	0.000	0.000	0.000	0.000	0.000	0.000	0.000	
50.000	6.250	0.195	0.002	0.000	0.000	0.000	0.000	0.000	0.000	0.000	0.000	0.000	
